           1   0.00000000    
           2   9.99999940E-02
           3  0.199999988    
           4  0.299999982    
           5  0.399999976    
           6  0.500000000    
           7  0.599999964    
           8  0.699999988    
           9  0.799999952    
          10  0.900000036    
          11   1.00000000    
          12   1.10000002    
          13   1.19999993    
          14   1.29999995    
          15   1.39999998    
          16   1.50000000    
          17   1.59999990    
          18   1.70000005    
          19   1.80000007    
          20   1.89999998    
          21   2.00000000    
          22   2.09999990    
          23   2.20000005    
          24   2.29999995    
          25   2.39999986    
          26   2.50000000    
          27   2.59999990    
          28   2.70000005    
          29   2.79999995    
          30   2.89999986    
          31   3.00000000    
          32   3.09999990    
          33   3.19999981    
          34   3.30000019    
          35   3.40000010    
          36   3.50000000    
          37   3.60000014    
          38   3.70000005    
          39   3.79999995    
          40   3.89999986    
          41   4.00000000    
          42   4.09999990    
          43   4.19999981    
          44   4.30000019    
          45   4.40000010    
          46   4.50000000    
          47   4.59999990    
          48   4.69999981    
          49   4.79999971    
          50   4.90000010    
          51   5.00000000    
          52   5.09999990    
          53   5.19999981    
          54   5.29999971    
          55   5.40000010    
          56   5.50000000    
          57   5.59999990    
          58   5.69999981    
          59   5.79999971    
          60   5.89999962    
          61   6.00000000    
          62   6.10000038    
          63   6.19999981    
          64   6.30000019    
          65   6.39999962    
          66   6.50000000    
          67   6.60000038    
          68   6.70000029    
          69   6.80000019    
          70   6.90000010    
          71   7.00000000    
          72   7.09999990    
          73   7.20000029    
          74   7.30000019    
          75   7.40000010    
          76   7.50000000    
          77   7.59999990    
          78   7.69999981    
          79   7.79999971    
          80   7.90000010    
          81   8.00000000    
          82   8.10000038    
          83   8.19999981    
          84   8.30000019    
          85   8.39999962    
          86   8.50000000    
          87   8.60000038    
          88   8.69999981    
          89   8.80000019    
          90   8.89999962    
          91   9.00000000    
          92   9.10000038    
          93   9.19999981    
          94   9.30000019    
          95   9.39999962    
          96   9.50000000    
          97   9.59999943    
          98   9.70000076    
          99   9.80000019    
         100   9.89999962    
         101   10.0000000    
         102   10.1000004    
         103   10.1999998    
         104   10.2999992    
         105   10.3999996    
         106   10.5000000    
         107   10.5999994    
         108   10.7000008    
         109   10.8000002    
         110   10.9000006    
         111   11.0000000    
         112   11.1000004    
         113   11.1999998    
         114   11.3000002    
         115   11.3999996    
         116   11.5000000    
         117   11.5999994    
         118   11.6999998    
         119   11.7999992    
         120   11.9000006    
         121   12.0000000    
         122   12.1000004    
         123   12.2000008    
         124   12.3000002    
         125   12.3999996    
         126   12.5000000    
         127   12.6000004    
         128   12.6999998    
         129   12.7999992    
         130   12.8999996    
         131   13.0000000    
         132   13.0999994    
         133   13.2000008    
         134   13.3000002    
         135   13.4000006    
         136   13.5000000    
         137   13.6000004    
         138   13.6999998    
         139   13.8000002    
         140   13.8999996    
         141   14.0000000    
         142   14.0999994    
         143   14.1999998    
         144   14.2999992    
         145   14.4000006    
         146   14.5000000    
         147   14.6000004    
         148   14.7000008    
         149   14.8000002    
         150   14.8999996    
         151   15.0000000    
         152   15.1000004    
         153   15.1999998    
         154   15.2999992    
         155   15.3999996    
         156   15.5000000    
         157   15.5999994    
         158   15.7000008    
         159   15.8000002    
         160   15.9000006    
         161   16.0000000    
         162   16.1000004    
         163   16.2000008    
         164   16.2999992    
         165   16.3999996    
         166   16.5000000    
         167   16.6000004    
         168   16.6999989    
         169   16.7999992    
         170   16.9000015    
         171   17.0000000    
         172   17.1000004    
         173   17.2000008    
         174   17.2999992    
         175   17.3999996    
         176   17.5000000    
         177   17.6000004    
         178   17.7000008    
         179   17.7999992    
         180   17.8999996    
         181   18.0000000    
         182   18.0999985    
         183   18.2000008    
         184   18.3000011    
         185   18.3999996    
         186   18.5000000    
         187   18.6000004    
         188   18.7000008    
         189   18.7999992    
         190   18.8999996    
         191   19.0000000    
         192   19.1000004    
         193   19.1999989    
         194   19.2999992    
         195   19.4000015    
         196   19.5000000    
         197   19.6000004    
         198   19.7000008    
         199   19.7999992    
         200   19.8999996    
         201   20.0000000    
         202   20.1000004    
         203   20.2000008    
         204   20.2999992    
         205   20.3999996    
         206   20.5000000    
         207   20.5999985    
         208   20.6999989    
         209   20.7999992    
         210   20.8999996    
         211   21.0000000    
         212   21.0999985    
         213   21.1999989    
         214   21.3000011    
         215   21.4000015    
         216   21.5000000    
         217   21.6000004    
         218   21.7000008    
         219   21.8000011    
         220   21.9000015    
         221   22.0000000    
         222   22.1000004    
         223   22.2000008    
         224   22.2999992    
         225   22.3999996    
         226   22.5000000    
         227   22.6000004    
         228   22.7000008    
         229   22.7999992    
         230   22.8999996    
         231   23.0000000    
         232   23.0999985    
         233   23.1999989    
         234   23.2999992    
         235   23.3999996    
         236   23.5000000    
         237   23.5999985    
         238   23.6999989    
         239   23.8000011    
         240   23.9000015    
         241   24.0000000    
         242   24.1000004    
         243   24.2000008    
         244   24.3000011    
         245   24.4000015    
         246   24.5000000    
         247   24.6000004    
         248   24.7000008    
         249   24.7999992    
         250   24.8999996    
         251   25.0000000    
         252   25.1000004    
         253   25.2000008    
         254   25.2999992    
         255   25.3999996    
         256   25.5000000    
         257   25.5999985    
         258   25.6999989    
         259   25.7999992    
         260   25.8999996    
         261   26.0000000    
         262   26.0999985    
         263   26.1999989    
         264   26.3000011    
         265   26.4000015    
         266   26.5000000    
         267   26.6000004    
         268   26.7000008    
         269   26.8000011    
         270   26.9000015    
         271   27.0000000    
         272   27.1000004    
         273   27.2000008    
         274   27.2999992    
         275   27.3999996    
         276   27.5000000    
         277   27.6000004    
         278   27.7000008    
         279   27.7999992    
         280   27.8999996    
         281   28.0000000    
         282   28.0999985    
         283   28.1999989    
         284   28.2999992    
         285   28.3999996    
         286   28.5000000    
         287   28.5999985    
         288   28.6999989    
         289   28.8000011    
         290   28.9000015    
         291   29.0000000    
         292   29.1000004    
         293   29.2000008    
         294   29.3000011    
         295   29.4000015    
         296   29.5000000    
         297   29.6000004    
         298   29.7000008    
         299   29.7999992    
         300   29.8999996    
         301   30.0000000    
         302   30.1000004    
         303   30.2000008    
         304   30.2999992    
         305   30.3999996    
         306   30.5000000    
         307   30.5999985    
         308   30.6999989    
         309   30.7999992    
         310   30.8999996    
         311   31.0000000    
         312   31.0999985    
         313   31.1999989    
         314   31.3000011    
         315   31.4000015    
         316   31.5000000    
         317   31.6000004    
         318   31.7000008    
         319   31.8000011    
         320   31.9000015    
         321   32.0000000    
         322   32.0999985    
         323   32.2000008    
         324   32.2999992    
         325   32.4000015    
         326   32.5000000    
         327   32.5999985    
         328   32.7000008    
         329   32.7999992    
         330   32.9000015    
         331   33.0000000    
         332   33.0999985    
         333   33.2000008    
         334   33.2999992    
         335   33.3999977    
         336   33.5000000    
         337   33.5999985    
         338   33.6999969    
         339   33.8000031    
         340   33.9000015    
         341   34.0000000    
         342   34.1000023    
         343   34.2000008    
         344   34.2999992    
         345   34.4000015    
         346   34.5000000    
         347   34.5999985    
         348   34.7000008    
         349   34.7999992    
         350   34.9000015    
         351   35.0000000    
         352   35.0999985    
         353   35.2000008    
         354   35.2999992    
         355   35.4000015    
         356   35.5000000    
         357   35.5999985    
         358   35.7000008    
         359   35.7999992    
         360   35.8999977    
         361   36.0000000    
         362   36.0999985    
         363   36.1999969    
         364   36.3000031    
         365   36.4000015    
         366   36.5000000    
         367   36.6000023    
         368   36.7000008    
         369   36.7999992    
         370   36.9000015    
         371   37.0000000    
         372   37.0999985    
         373   37.2000008    
         374   37.2999992    
         375   37.4000015    
         376   37.5000000    
         377   37.5999985    
         378   37.7000008    
         379   37.7999992    
         380   37.9000015    
         381   38.0000000    
         382   38.0999985    
         383   38.2000008    
         384   38.2999992    
         385   38.3999977    
         386   38.5000000    
         387   38.5999985    
         388   38.6999969    
         389   38.8000031    
         390   38.9000015    
         391   39.0000000    
         392   39.1000023    
         393   39.2000008    
         394   39.2999992    
         395   39.4000015    
         396   39.5000000    
         397   39.5999985    
         398   39.7000008    
         399   39.7999992    
         400   39.9000015    
